Beef = 88.75
Chicken = 41.5
HardShell = 17.0
Tortilla = 21.0
Lettuce = 15.500000000000005
Cheese = 15.500000000000005
Tea = 28.69
Lemons = 28.5
